Started Task: 3
Longest sentence length 8
Longest story length 228
Average story length 50
[[19 12 26 20  0  0  0 72]
 [15 21 28 26  4  0  0 71]
 [ 6 16 28 26 22  0  0 70]
 [15 13 26  1 27  0  0 69]
 [15 12 26 10  0  0  0 68]
 [15 16 28 26 11  0  0 67]
 [19 18 26 20  0  0  0 66]
 [15 18 26 10  0  0  0 65]
 [ 6 21 28 26 11  0  0 64]
 [ 6 13 26 10  0  0  0 63]
 [19 21 28 26 14  0  0 62]
 [19 33 28 26 17  0  0 61]
 [15 24  8 26  1 27  0 60]
 [15 23 31 26  1  0  0 59]
 [25 21 28 26 14  0  0 58]
 [ 6 18 26 10 27  0  0 57]
 [ 6 29 26 10  0  0  0 56]
 [15 30 28 26 17  0  0 55]
 [ 6  9 26 10  0  0  0 54]
 [15  9 26  1  0  0  0 53]
 [15 13 26  1  0  0  0 52]
 [15 33 28 26 22  0  0 51]
 [25 33  2 28 26  4  0 50]
 [25 29 26 20  0  0  0 49]
 [15 16 28 26  3  0  0 48]
 [15 30 28 26 22  0  0 47]
 [25 18 26 20  0  0  0 46]
 [19 33 28 26  4  0  0 45]
 [19 21 28 26 22  0  0 44]
 [15 30 28 26 14  0  0 43]
 [25 21 28 26 11  0  0 42]
 [19 21 28 26 17  0  0 41]
 [ 6 29 26 10  0  0  0 40]
 [19 16 28 26  4  0  0 39]
 [19 13 26 20 27  0  0 38]
 [19  7 26 20  0  0  0 37]
 [15 33 28 26 11  0  0 36]
 [15  7 26  1 27  0  0 35]
 [ 0  0  0  0  0  0  0  0]
 [ 0  0  0  0  0  0  0  0]
 [ 0  0  0  0  0  0  0  0]
 [ 0  0  0  0  0  0  0  0]
 [ 0  0  0  0  0  0  0  0]
 [ 0  0  0  0  0  0  0  0]
 [ 0  0  0  0  0  0  0  0]
 [ 0  0  0  0  0  0  0  0]
 [ 0  0  0  0  0  0  0  0]
 [ 0  0  0  0  0  0  0  0]
 [ 0  0  0  0  0  0  0  0]
 [ 0  0  0  0  0  0  0  0]]
Training set shape (900, 50, 8)
Training Size 900
Validation Size 100
Testing Size 1000
-----------------------
Epoch 10
Total Cost: 1505.24291992
Training Accuracy: 0.307777777778
Validation Accuracy: 0.31
-----------------------
-----------------------
Epoch 20
Total Cost: 1043.39992523
Training Accuracy: 0.666666666667
Validation Accuracy: 0.48
-----------------------
-----------------------
Epoch 30
Total Cost: 393.889985561
Training Accuracy: 0.892222222222
Validation Accuracy: 0.56
-----------------------
-----------------------
Epoch 40
Total Cost: 199.221203327
Training Accuracy: 0.955555555556
Validation Accuracy: 0.56
-----------------------
-----------------------
Epoch 50
Total Cost: 103.259309351
Training Accuracy: 0.965555555556
Validation Accuracy: 0.57
-----------------------
-----------------------
Epoch 60
Total Cost: 19.3342022151
Training Accuracy: 0.996666666667
Validation Accuracy: 0.6
-----------------------
-----------------------
Epoch 70
Total Cost: 9.82293113321
Training Accuracy: 0.998888888889
Validation Accuracy: 0.61
-----------------------
-----------------------
Epoch 80
Total Cost: 6.62657949328
Training Accuracy: 0.998888888889
Validation Accuracy: 0.6
-----------------------
-----------------------
Epoch 90
Total Cost: 5.50676161051
Training Accuracy: 0.998888888889
Validation Accuracy: 0.62
-----------------------
-----------------------
Epoch 100
Total Cost: 4.67493858933
Training Accuracy: 0.998888888889
Validation Accuracy: 0.61
-----------------------
Testing Accuracy: 0.569
